50
7
1 6 18 23 30 44 46
8
1 24 28 33 42 44 46 47
7
1 4 17 19 22 28 45
6
1 12 22 35 38 45
8
1 4 5 7 16 35 41 44
8
1 6 7 15 23 29 32 44
8
1 7 10 11 32 35 41 45
8
1 7 12 16 24 31 32 39
8
1 2 9 11 17 21 24 36
7
1 19 24 26 29 31 45
8
1 8 12 14 23 36 39 48
8
1 3 7 9 32 33 40 45
8
1 19 21 25 27 33 34 48
8
1 7 8 13 14 35 36 45
8
1 8 13 15 22 28 35 37
7
1 13 17 22 30 43 49
8
1 8 26 28 29 31 33 45
8
1 8 13 34 36 40 41 45
8
1 5 11 23 33 40 43 49
6
1 7 10 21 34 35
7
1 5 9 21 29 41 43
8
1 2 11 14 15 17 20 43
8
1 7 8 11 15 16 28 44
8
1 10 19 20 31 32 48 49
8
1 6 13 17 24 35 41 43
7
1 5 12 13 25 31 38
8
1 4 8 18 19 23 30 41
8
1 6 12 14 30 36 37 38
7
1 13 27 38 39 41 45
8
1 6 19 23 33 36 44 45
8
1 9 13 35 38 40 42 47
7
1 4 7 18 26 30 36
7
1 4 6 10 30 41 44
8
1 6 12 13 17 23 43 49
8
1 5 19 20 35 41 42 44
8
1 15 20 30 33 36 44 46
7
1 5 14 21 27 29 37
8
1 6 7 13 23 32 41 48
8
1 10 14 23 28 29 37 41
7
1 2 3 12 18 24 44
8
1 2 13 23 36 42 45 46
8
1 4 18 19 22 24 33 46
8
1 11 13 23 25 27 33 41
8
1 6 10 17 28 33 41 44
8
1 19 21 32 42 43 46 47
8
1 9 19 21 25 31 39 40
8
1 11 14 22 26 29 32 34
8
1 5 22 23 29 31 32 35
8
1 3 9 13 16 17 37 41
8
1 4 10 12 15 18 37 45
