10 8
48 17 44 13 30 46 18 6 11 7
10 8
8 5 25 34 4 10 26 34 21 27
10 1
37 48 14 16 14 28 4 45 19 31
10 6
39 8 47 36 3 43 32 42 39 21
10 4
15 36 28 43 8 8 47 8 18 46
10 5
37 47 13 40 27 29 5 19 32 10
10 2
29 22 13 45 45 17 6 37 5 5
10 4
18 31 41 10 32 11 4 37 7 10
10 3
15 25 33 41 32 33 20 9 30 49
10 7
33 20 47 41 36 49 6 7 46 29
10 8
16 23 36 9 36 16 17 10 36 14
10 5
11 37 34 10 4 37 15 34 40 47
10 5
36 4 45 23 32 23 48 32 4 13
10 2
37 17 29 5 23 14 33 40 31 37
10 8
48 23 10 12 17 47 26 41 40 19
10 3
14 16 9 48 28 31 40 5 16 30
10 4
9 13 34 21 33 3 39 16 40 36
10 1
39 47 24 13 29 26 21 43 3 19
10 5
21 29 6 41 32 11 46 40 13 37
10 2
8 26 35 47 22 11 46 18 49 12
